-0.020980515442475246,0.7786352692763532,0.19896498441295224,0.29407344885856634,-0.15959147742797652,0.8927993525951567,-0.03713089732403146,0.31590732993827564,-0.11568322409000352,0.8152438958411712,0.1778210688586945,0.05509187454352234,1.49,0.20312922942980913,0.5899270883646826,-0.2611665503916633
-0.020980515442475246,0.7786352692763532,0.19896498441295224,0.29407344885856634,-0.15959147742797652,0.8927993525951567,-0.03713089732403146,0.31590732993827564,-0.11568322409000352,0.8152438958411712,0.1778210688586945,0.05509187454352234,1.49,0.20312922942980913,0.5899270883646826,-0.2611665503916633
-0.020980515442475246,0.7786352692763532,0.19896498441295224,0.29407344885856634,-0.15959147742797652,0.8927993525951567,-0.03713089732403146,0.31590732993827564,-0.11568322409000352,0.8152438958411712,0.1778210688586945,0.05509187454352234,1.49,0.20312922942980913,0.5899270883646826,-0.2611665503916633
-0.020787493563814218,0.7790632935455469,0.200085165480442,0.29349344012358736,-0.15993842257216573,0.8934180632144424,-0.03696484307444141,0.3157238710411273,-0.11568522748661472,0.8151138586110348,0.17833551193014874,0.05471585879718868,1.49,0.20360320023365863,0.5894045566615322,-0.2609643754752453
-0.020611116549691732,0.7785535722591526,0.19977314945599323,0.29381941602155803,-0.1598848307166729,0.893604752409542,-0.037055211676326416,0.3153470725283374,-0.11602505689810091,0.8151577366110581,0.176515479773381,0.054893784322015186,1.49,0.20340842770046152,0.5894209314198887,-0.26162621664478725
-0.02057774366908804,0.7787806685266219,0.19980152112346283,0.2939641467364784,-0.1596912137563832,0.8931891894516786,-0.03726697545907641,0.3158707803856926,-0.11601062986330166,0.8153985867151025,0.17551796750966714,0.055243229121948206,1.49,0.20322657710057887,0.5894003614401377,-0.26077147346202184
-0.020644194789473318,0.7787318071901559,0.20025058268938237,0.29511159281110055,-0.1594733307392766,0.8928057559706735,-0.03681261940641534,0.3155642767831225,-0.11559774379373658,0.815188244343572,0.17313204738699192,0.05470417525759055,1.49,0.20328908592666955,0.5893850484125265,-0.2607369462441226
-0.020568821681310922,0.7785280438426141,0.2006821343316151,0.29365226676651157,-0.15983130095598558,0.893046840513835,-0.03701337985812045,0.3160016292652316,-0.11586912302059361,0.8156185093488952,0.1697532329400842,0.055178744938032806,1.49,0.2031556892292033,0.5892381083814273,-0.2610673615348684
-0.02085599297258542,0.7788120232660426,0.19999182125390402,0.2954311456515126,-0.1597055662893158,0.8934008239870211,-0.03797389112567377,0.31583369702523967,-0.115694826205398,0.8154318544577581,0.1564008702485088,0.054723025514736595,1.49,0.2036266267179785,0.5891780567808483,-0.26089981071169277
-0.020867267371203663,0.780032717351689,0.20037355500092446,0.2942666199136408,-0.16010202637315535,0.8926281248423317,-0.03754417316819085,0.31624880998505944,-0.11582760659044498,0.8153395394142192,0.14008372967511545,0.054992150571156084,1.49,0.20327105267845008,0.5894343368533476,-0.2608917828971895
-0.020912912255698867,0.77861939678178,0.20023530727367442,0.29438427976192766,-0.15969816207497028,0.8930695559149058,-0.03687254800434692,0.3161857925010363,-0.11606151494858001,0.8151254206817347,0.12003890140314956,0.05516304860972314,1.49,0.20369260897848307,0.5893655534526357,-0.26127675407616935
-0.020719202414558453,0.7786429298105111,0.19802608785310818,0.29392842197273794,-0.1599819508625024,0.8933530670302067,-0.03698684756771442,0.31601935038397444,-0.11567107094314641,0.8154537933476629,0.0862617615191342,0.0549668511531026,1.49,0.2035615807920958,0.5899478750280187,-0.26104789297941866
-0.0206474182008048,0.7790135306419411,0.20018285558603544,0.29376191728997725,-0.15968090277600475,0.8926922010852425,-0.03687022376801259,0.3160759323512613,-0.11608636891572391,0.8154569893117677,0.0488706083231051,0.05500012340326757,1.49,0.20353023529695083,0.5900113423549267,-0.26091551002814184
-0.020707557037267052,0.7787365490669085,0.20029480689977808,0.29389431150633816,-0.15969416928970176,0.8926785211353476,-0.03665096926270817,0.31643811319184834,-0.11595928143222804,0.815268369606819,0.017329920464039732,0.055218286805459295,1.49,0.20358476019435512,0.5900607798715759,-0.26103645920197943
-0.020559811284190835,0.778802307233049,0.19933709443793127,0.29302695279414015,-0.15961562337161186,0.893056814438026,-0.03568138118613974,0.31584027147162386,-0.11595489132836174,0.8152700252784041,-0.02083335373280427,0.05557017390370988,1.49,0.20309443121326398,0.59061494133677,-0.2607692857110922
-0.020457905086116775,0.7785470006222063,0.2002792324328896,0.28295661535980215,-0.15977575570327768,0.8924224632002316,-0.011866548077668782,0.3158045529012631,-0.11580638552009928,0.8246724445971396,-0.16578719468756442,0.05599138239155266,1.49,0.20342448549131273,0.5911889576948878,-0.2606248287625805
-0.02067221526695362,0.77862606749147,0.20036880473094507,0.2718888700835178,-0.1598763829683188,0.8928378523090158,0.0351941026794924,0.3161169110690494,-0.11506474090981858,0.8394457147247721,-0.31927672026928533,0.05190359080711476,1.49,0.2034538212447756,0.5904855475365028,-0.26117118143031315
-0.020834594875855015,0.7789817112035382,0.19967540752248916,0.27093666133521316,-0.15995081458676932,0.8932199255467894,0.07477585908979474,0.3158835019992897,-0.11635232542863355,0.844888209641563,-0.27620395214648524,0.056293666401839706,1.49,0.20306506247835196,0.5903896870632157,-0.26145332111997044
-0.02057872477879328,0.7799650540014578,0.20003782388568425,0.26830605639152844,-0.16031817075238444,0.8930242002914104,0.10334139483232851,0.31544425777107327,-0.11530560882582956,0.8474694799679334,-0.31574940700358806,0.0553180709124462,1.49,0.20310288407519853,0.5915317282010564,-0.26104284517197585
-0.0216600479374892,0.7786771379225956,0.2001161647312651,0.2545300836324487,-0.15987047926780013,0.8929632936433538,0.14873740795789003,0.31623983748470874,-0.11717964421826736,0.8612166188772982,-0.31955941009512556,0.05550070860602228,1.49,0.20322597639648082,0.5922150980942843,-0.2607375871714136
-0.020909878835279734,0.7788215625345956,0.199062051084759,0.23673623653217143,-0.15995511085168973,0.8930711398818671,0.2332658835920182,0.3153277766003302,-0.11553122283719311,0.8807075617917378,-0.32055363187715047,0.05598082249233458,1.49,0.20288076280308923,0.592510544670617,-0.26043352743761794
-0.020873273612420425,0.7790191940871403,0.1991254351079574,0.23339567819925022,-0.15982271095402312,0.8929836276301198,0.28444693662725384,0.31440810279288833,-0.11630953316076986,0.88845158108494,-0.3202438180706507,0.055930026787266635,1.49,0.2031800672303592,0.5927006324035253,-0.26110965913246414
-0.020870546317178947,0.7789580127600956,0.20021049254939652,0.23209522616234535,-0.16004849272712876,0.8931241514874156,0.3275651252343417,0.3152908240331507,-0.11562067406879348,0.8888450532552099,-0.31948021920007114,0.05603820351788705,1.49,0.20301089314693696,0.5924095029383298,-0.26116929773854713
-0.020772847540581535,0.7787538449472814,0.20004653313549692,0.2297022089077606,-0.160288552280529,0.8929571118627646,0.36137303199181525,0.3144294360411784,-0.11583430810964407,0.8888101915450721,-0.31948720780277556,0.055483775124361465,1.49,0.20286656775336145,0.5931014973243891,-0.2607955498190979
-0.020759685370568742,0.7789643332598617,0.20013705178201951,0.2123810220831795,-0.16047382620090858,0.8824409330328915,0.39353161919034296,0.31283403107028035,-0.11542106643316614,0.8921320457048614,-0.32013977241656316,0.05618563837215268,1.49,0.20303144834945383,0.5927476736275467,-0.26065954144095077
-0.020446780143094787,0.7787621038164902,0.20006694916491374,0.19854906275975254,-0.16043284693208748,0.8814014091804743,0.40077908572801424,0.3126848432464323,-0.11580010138949216,0.9050549098207575,-0.3197137937058176,0.05540370935586316,1.49,0.20281503940810572,0.5926955895936877,-0.260874385093113
-0.02110356635873003,0.7789937620190983,0.2002818685268638,0.18669122525548068,-0.15996518616441774,0.8812347292511999,0.4025380614766762,0.3122796426143142,-0.11551136225915044,0.9273890929838357,-0.32029622317396816,0.05534911951096057,1.49,0.20295578072359882,0.5917756893280439,-0.2608831469881233
-0.02103400101099138,0.7797668344409622,0.20080357540651184,0.16161047528421751,-0.15989442377102567,0.8813046524177052,0.40263888384140445,0.312419543017444,-0.11520114589792743,0.9543347761290681,-0.3198139990223348,0.055734437172243835,1.49,0.2028321548838768,0.5913613694332529,-0.260894342247601
-0.02099568571750187,0.777822003236861,0.19945719765745706,0.13209312131562395,-0.15934370046516025,0.8794677570841996,0.4153869515505494,0.31218040257904467,-0.12229211447799787,1.0105237304845671,-0.31990936196662245,0.05528355412157605,1.49,0.2043486777049967,0.596646853175199,-0.2628369159963135
-0.02077280087948466,0.7790207445305324,0.19930670300102193,0.09424016188765887,-0.1600909550725281,0.8692238455027201,0.44850994059776994,0.311553188419285,-0.13723494510798154,1.0709027981863983,-0.3197701537689558,0.05028814715214772,1.49,0.20630482146087367,0.6024517173520978,-0.26067448833152984
-0.020928798856616988,0.7793151614156745,0.20056762218088617,0.05595489359665168,-0.15929171816490326,0.8479766437472249,0.4884489719986672,0.30350083192860977,-0.17109682368906856,1.1599829639002623,-0.3203455190217912,0.047753092659123954,1.49,0.20906062609026205,0.6153101033763626,-0.24775293442480237
-0.021127986440852422,0.7789967292464113,0.19984272750516419,-0.0007751189040742013,-0.15976980885761288,0.8233615800213563,0.5292754964336428,0.30270105981526424,-0.20553814793805789,1.2681676783381888,-0.32077567395366885,0.04765089844862994,1.49,0.22983713774781578,0.6226815659032627,-0.24373335146457972
-0.021569327725042955,0.7788341196433826,0.19995511933309804,-0.06760756809332903,-0.15952322832010968,0.8024944086709904,0.5709594294437912,0.30325172739644585,-0.20765297118383805,1.2755533938382198,-0.3208624781525274,0.04788731913881206,1.49,0.26206735865717645,0.6366353655283089,-0.24035247763004136
-0.020769323374594105,0.7790745293944956,0.20076557891315053,-0.13451685339922786,-0.1592015026104493,0.7814499324773305,0.6026756065631801,0.3026557350873629,-0.20751366322475037,1.2726422311829537,-0.32100688019330204,0.047647710908786285,1.49,0.2664902592227216,0.6408260605536363,-0.235945930716778
-0.02077965251671052,0.778816646807066,0.20032820804769141,-0.1962389099773194,-0.16006211764186662,0.7703591618077211,0.628229550430259,0.3030218427729068,-0.2081535801529532,1.2746683437878166,-0.3212598078485475,0.04843247326173415,1.49,0.2675131970684095,0.6549496564361755,-0.23211370208273494
-0.020717549553653694,0.7793321970563498,0.2006778385334741,-0.2592313093694675,-0.15966189710987974,0.7511525782856572,0.6674166799870475,0.3001387800334624,-0.2083593306004199,1.2798017816225025,-0.3207580977033696,0.047722047805830815,1.49,0.27042449894103815,0.6742241368922363,-0.22835423916288666
-0.02076562475553517,0.779716434873498,0.2004705369241279,-0.2986681533142723,-0.1595241706021251,0.7375137757304236,0.6942082409816984,0.28852369206143974,-0.20759333166969937,1.2764741217167461,-0.32044581217502505,0.04690619027726266,1.49,0.31659274625370293,0.6834716466650858,-0.22304563773994163
-0.020593440346098016,0.7783243933559802,0.2001812809694354,-0.2943742653704222,-0.1582827802659938,0.7203575414615015,0.7263897368307375,0.26021782324833026,-0.20789259746036987,1.275057981066405,-0.3214114654662827,0.04754575038190885,1.49,0.32397384574037785,0.6909689548442111,-0.19807241239832873
-0.020369899505604784,0.7790622438688062,0.19929167599274844,-0.2992517855459713,-0.15708252870384587,0.7124240948266594,0.7453751856419963,0.2547529178669731,-0.2075982959366366,1.2746596444881555,-0.3206331656309297,0.047631857121830885,1.49,0.3347231143222178,0.6940435934155864,-0.19660274576183004
-0.020718852302263713,0.7793446930226992,0.2000364177617457,-0.30039192507265045,-0.1555083241230923,0.7096385156225499,0.7555660254068042,0.2400139617801918,-0.20722533678860652,1.2731508763785908,-0.3214262840015884,0.04752221357127283,1.49,0.33594070007083676,0.6960256131145708,-0.18733272652040853
-0.020867382236543604,0.7788983286257299,0.20021755930486873,-0.3004564699803348,-0.15838725103647167,0.7074226065853041,0.7661927473418269,0.23299638766643052,-0.2081004895575096,1.276087084837278,-0.3202361963009874,0.04773625011275796,1.49,0.3473240269118054,0.6975055695203529,-0.1862632964138612
-0.02014521395788841,0.779282265096357,0.2003624072875621,-0.3018175700130109,-0.15752929947361466,0.6941210826009758,0.7985021867932088,0.21896847635988648,-0.20800792268406298,1.2820843527326322,-0.32084971401760537,0.048890620126575746,1.49,0.36124879525388176,0.7054165220322219,-0.1847837624095259
-0.02053136035692086,0.778869881147846,0.20101376564744733,-0.2999887872428195,-0.15796989877249965,0.682809202143857,0.8302967134272452,0.1936246056033573,-0.20759442788081736,1.2826251008975333,-0.3209287466346788,0.048150690870737964,1.49,0.36576992044148954,0.7097710817073676,-0.18838930790645247
-0.020385225657624958,0.7784968039708499,0.20066613191591448,-0.3012703138709941,-0.1572351808646117,0.6653920262661897,0.8656533836507504,0.16139497844465694,-0.20771902771231504,1.2826452287597214,-0.32111025053833425,0.04826077388669751,1.49,0.37651606516993474,0.71188161800053,-0.18702833893892928
-0.020683179593576122,0.7792338839207287,0.20214754878914953,-0.3010000549392779,-0.15725093816298857,0.6552321979008974,0.9070480960722376,0.12510495952787104,-0.2078952370479465,1.283539798148094,-0.3212462461013177,0.04794789979150645,1.49,0.3774264204497032,0.7121599289586626,-0.18592753197765732
-0.02043704696061679,0.7792366074459331,0.20017582253734784,-0.30142399271657605,-0.15310641694577487,0.6344383455070652,0.965588244689181,0.07110464791395005,-0.20775766315434854,1.285644071310023,-0.3211963846261287,0.048005976530891725,1.49,0.381816787419666,0.7132820528911429,-0.1882988067147216
-0.020392113954969683,0.7780197104860187,0.19810744865922017,-0.3017765041465279,-0.15134695887378072,0.6174402679778963,1.0012437370284057,0.04584487625276396,-0.20833083074226666,1.2847057777302586,-0.32191652066223975,0.047852954835288536,1.49,0.38173758939206126,0.7139760907600458,-0.18696867885550686
-0.020694142654931687,0.7792205896322265,0.20027340155359563,-0.30100546670849065,-0.15102499923078366,0.602584730745855,1.0249365088647926,0.03172706116361089,-0.20743600660198927,1.2834027577914435,-0.32165040426783037,0.04810775609912725,1.49,0.3810416075475632,0.7143045672721713,-0.18831917697938022
-0.018943311303353246,0.7790115559681019,0.2002634979777943,-0.3013345688108974,-0.14959384318248084,0.5915010889184995,1.0425231543957318,0.02984156838203396,-0.20797848713704276,1.280523026098469,-0.3210324584057559,0.047375592150315414,1.49,0.3798341640628233,0.715248544646599,-0.1916902711310307
-0.014336377879072024,0.7791295686264365,0.19846131564993913,-0.3017592307558851,-0.1494779485749993,0.5765108417484376,1.0673114168489364,0.031063101345637917,-0.20732484090719058,1.2791843188682983,-0.3212537371483576,0.04863423609736901,1.49,0.3827086766337434,0.7185120337984527,-0.18788722369143168
-0.010812154504133295,0.7790767863410486,0.20057665246930598,-0.30085717777258353,-0.1480887585807157,0.5697099850502054,1.0809405108993353,0.03056578248934048,-0.2080940158459122,1.2790701732010312,-0.32079990929464847,0.04842696567398775,1.49,0.38255133472801156,0.7184719871540693,-0.1922586807640356
-0.008451959751281752,0.7789354039248205,0.20078257506088484,-0.29968966122701046,-0.14697096951361904,0.5626776924149751,1.093403261387861,0.029012774655234004,-0.2081290581873688,1.2780501150792243,-0.3214080767874874,0.047626887801902426,1.49,0.38270541262903296,0.719162538767484,-0.1931982195925132
-0.003262317707361075,0.7789368618331635,0.20018843965335503,-0.29913725436003513,-0.1474912754008635,0.550802081853123,1.10411784569836,0.029087144618000854,-0.20735091793135713,1.2761654369353408,-0.320985978176441,0.048134802245625295,1.49,0.38178408318008794,0.718839445568346,-0.19129179703036808
0.003954174535103568,0.7790617517828551,0.20028339498563988,-0.30072391810812127,-0.1452456468317664,0.5400136669359026,1.1128776389115078,0.023646809760003853,-0.20931191547828373,1.255303186703777,-0.3210475959876305,0.048437033944617854,1.49,0.3820572165062612,0.7201431407211478,-0.18972088647518165
0.012373764502184095,0.7797563828686855,0.19954782091995912,-0.299804551987145,-0.14315308949063524,0.5238512204569926,1.1342327120259148,0.017758492542906353,-0.22702929335703992,1.2470248374890365,-0.3212213651967305,0.04816824196932788,1.49,0.38228312741817105,0.7210183310798615,-0.18916186005558855
0.03430231117857872,0.7788688525152286,0.19948490325115154,-0.299469757153532,-0.143993857039153,0.5074175646297499,1.1593335858267309,0.018939632951744025,-0.25512673553826487,1.2480946434303444,-0.32102926251544717,0.04721328699834891,1.49,0.38389484386268835,0.7224622640485745,-0.19049701156278845
0.037089743492473126,0.7786519083720634,0.1999943203532637,-0.30071160356450866,-0.14105983549045972,0.4886097170117152,1.1815279802616165,0.019643769780521132,-0.2815153792986737,1.2498163136114222,-0.3203959999499127,0.047440832359637156,1.49,0.38271034474061066,0.7205375812400163,-0.19031446402810717
0.05296767415364689,0.7785652406766319,0.20041354600929256,-0.3007275522648026,-0.14183820411773407,0.461709108800082,1.226308969502212,0.018080363883892243,-0.34384662533351407,1.2612310183896036,-0.32098004265831853,0.0479736818923808,1.49,0.3876702076151646,0.7233549293967266,-0.19088285908483865
0.055715961803873136,0.7791640999746581,0.19833492727922714,-0.3011395004799737,-0.14147978714505724,0.4342641374108473,1.2668615651430408,0.019217454343782074,-0.37052691974113683,1.2717878725629357,-0.3213185531017714,0.048570087553594085,1.49,0.3902538547261195,0.7237655676952506,-0.189478198702676
0.05677034869519753,0.7795401841933608,0.20044552870542315,-0.2998624148929463,-0.14078371011388238,0.4164797523087719,1.2910042848846883,0.019096009160858785,-0.38107743583547093,1.2657421761160454,-0.3212897520403563,0.04819178304699474,1.49,0.3902730684205161,0.7226228075809265,-0.191528336929117
0.059319668430494014,0.77798887831597,0.20061552848101682,-0.2992347022049624,-0.14111219161601263,0.3932160755577764,1.3274648109438285,0.018142714887868047,-0.41462744447722827,1.2669813244684747,-0.32105980210086393,0.04791362568920837,1.49,0.3896698712017128,0.7217249240149257,-0.1938367081847784
0.056766844201345174,0.7785837893481125,0.20134930371390786,-0.3020383143352661,-0.14113220076716054,0.3787664595123748,1.3454790192380512,0.0101435737669537,-0.4172434399637645,1.2611574224400237,-0.32167691512100477,0.04815095922330317,1.49,0.39079836931366424,0.7221843608900831,-0.19244576873138702
0.061163084649035054,0.778946201664133,0.20003751086846372,-0.30083037665972473,-0.1410683806732526,0.36865122467282035,1.3650337222080475,-0.002426182830005477,-0.41644605717416405,1.2609144266597097,-0.3217005411912137,0.04822873939607955,1.49,0.3914199747719026,0.7209717775982369,-0.19370651608223016
0.06263534290709676,0.7793634315818473,0.20044937128202941,-0.30051462496048176,-0.14116091363652014,0.36403446359744496,1.3774525418561177,-0.019387534598655692,-0.4166201943601965,1.2602658147744175,-0.32260404580174323,0.047868327803194,1.49,0.39075737147126555,0.7214590429115743,-0.19460553049349089
0.06360951313301545,0.778768993753062,0.19910820459206918,-0.3006824484708489,-0.14110593698058324,0.3574232892945293,1.4014560300535062,-0.04560390465235179,-0.4163238343861505,1.2602881405064377,-0.32212045143236634,0.04792809134970272,1.49,0.3916936818189324,0.7221701037030404,-0.19174310750604848
0.07774712465472189,0.7800199402617423,0.20065230146500468,-0.30055628575177884,-0.1405368374843407,0.3526355857383621,1.4212223846296366,-0.0713623827136149,-0.4161946262931549,1.2594336981009882,-0.3212687144754831,0.04822296703588472,1.49,0.39174613039804784,0.7202915577599442,-0.19181518905539832
0.08091212993469932,0.7787369224278967,0.20152499656349301,-0.30070077343994245,-0.1421750477200669,0.34835712891988807,1.4373127704829165,-0.09587627661536433,-0.41575238139339643,1.2590816632613278,-0.3209349892869257,0.04738341115200308,1.49,0.3922622834472083,0.7202618094055626,-0.19427400528151662
0.08105983689968398,0.7792286113196044,0.1995057494222879,-0.30263637842244956,-0.1415456238086175,0.3404901839307328,1.4554628133783751,-0.11265090397726854,-0.416148098676396,1.2588771326248516,-0.32088174438132144,0.04828702729773846,1.49,0.39356284741492775,0.7207826299611251,-0.19396326823180302
0.0815954120083912,0.7792634510906644,0.2010470063847961,-0.30106703740930996,-0.14072465748198948,0.3324339679140802,1.472863154977715,-0.12321374220558344,-0.4164158223136826,1.259642558986226,-0.32179650048410774,0.04836291173470521,1.49,0.392737944271202,0.7202193015409651,-0.19288754196218888
0.08491471201127343,0.7785897854396958,0.20191909069842065,-0.29882261617689254,-0.14143485310562215,0.320210465002623,1.4940858721080355,-0.14065223086673512,-0.41591516816084906,1.2595054032641784,-0.3214875175728086,0.04730260734378786,1.49,0.3935889287823596,0.719826944139722,-0.1901296346272659
0.08540254329538827,0.7790360008718222,0.19983660132503,-0.30200415924007834,-0.14166948056590845,0.3116787655353339,1.5091433844516011,-0.14463772566221178,-0.41577630588420744,1.2593045263731293,-0.3213505030772208,0.047385877536932554,1.49,0.3951078890929793,0.721089826514522,-0.19238018443773705
0.08702010436147764,0.7789336335930589,0.2003779559492251,-0.3010310650554287,-0.14099576630918983,0.3050872832642336,1.5219152513471434,-0.1444097846357918,-0.41598935918674596,1.2596467433876595,-0.3213351301182053,0.047616075839820575,1.49,0.39518503128661864,0.7214706025491873,-0.1928972044481903
0.08841600070268402,0.7786931881622242,0.19863488275925675,-0.3016741753966148,-0.14156725761747666,0.29392872759550553,1.5299034652597845,-0.14507151221678155,-0.41599492583030906,1.259446727119009,-0.3207087402565352,0.0473621242550268,1.49,0.39225542311572625,0.7211306511874376,-0.19011332377698772
0.08775797752126316,0.778792447734177,0.1996275001990734,-0.30108338183715777,-0.1411211487049795,0.2907515838798123,1.5295571179116103,-0.14490472711928415,-0.4162102685124424,1.247271750640023,-0.3208566029250659,0.04616534764878933,1.49,0.39557885070594767,0.7223068499286145,-0.19120845946573378
0.08880726013598002,0.7800822533595809,0.19984309872111367,-0.3012916945996942,-0.14161921650743203,0.27663476143359733,1.5449193227987292,-0.1445394557752114,-0.4159952436482963,1.246339940085272,-0.3228030247703744,0.04719011629246553,1.49,0.3941951924264301,0.7214082434534366,-0.1897864933336768
0.088729923032325,0.7791546464653725,0.2009092208584002,-0.3019213531252284,-0.1405600140273371,0.26749607115434226,1.5645419277270074,-0.14424961552154672,-0.41597326211607666,1.2464202933672424,-0.3224745493980527,0.047674245336281444,1.49,0.3958594251051481,0.7218051699552765,-0.18878310647744212
0.09018817160262706,0.7795023572868334,0.20028741109969955,-0.3015203484642668,-0.1417049720670149,0.25867960248335065,1.5733768881769123,-0.14448427951598708,-0.4159617441604053,1.2461015303406517,-0.32310826452241803,0.04732800458761333,1.49,0.3956427961197426,0.7230122108140679,-0.18935387083556116
0.09087955510025489,0.7797084648234762,0.200375562589176,-0.3012298800080781,-0.14211650047029933,0.2527974739554637,1.5892452173368465,-0.14533705773304595,-0.4162610514646836,1.2459938426587625,-0.3220144186600893,0.04707182725510157,1.49,0.39617199819263227,0.7218468464778716,-0.18948939665380982
0.09107364739132953,0.7789629178301221,0.20236886016636405,-0.29966383725941714,-0.1413112390469653,0.2426547558427406,1.5997816090400352,-0.14497724181168578,-0.4165317580864368,1.2465685586367579,-0.32228512503602313,0.0472963768860252,1.49,0.39649759576013843,0.7222099810891225,-0.18996692455492395
0.0916018920771743,0.7791584889230372,0.1997383431133541,-0.30114988027780637,-0.14313643040266139,0.23576575646392914,1.6115638210356178,-0.1431235419859328,-0.4159607034150457,1.246544110986785,-0.32219496248517654,0.04755639175585992,1.49,0.39651179443620876,0.7221787907457785,-0.18775164373256686
0.09132234472695874,0.7799239273413656,0.2001417668248439,-0.30089586576286514,-0.14325107929663852,0.229440031676015,1.6239372284251072,-0.1441845095474239,-0.4165911478847668,1.245943848290043,-0.32172360300599034,0.046976306474546155,1.49,0.398080366141762,0.7222281646999261,-0.18865582337502335
0.0915313968568871,0.7804145615469273,0.20018056853531419,-0.3013336310209842,-0.14348730720774644,0.22349869271754727,1.6247571209441856,-0.14500124203768475,-0.41608546912923805,1.245711249642485,-0.2996781091254169,0.046335743982121876,1.49,0.3948511701294445,0.718506564006159,-0.18811766403183935
0.09201678436255706,0.7791471305779916,0.20053717140274385,-0.3012199515444111,-0.1430192557611462,0.22390726472965994,1.6077130746199992,-0.14375610198352595,-0.4160509566163887,1.243264228993818,-0.252651503964822,0.04626997169761141,1.49,0.3954558385981839,0.7188846231748254,-0.1869196402012715
0.09227501987564633,0.7798215294498502,0.20040723359717766,-0.3010798548977868,-0.14223805736012743,0.22279117026858708,1.5918259696018422,-0.14484195114289136,-0.4161894484963241,1.2258572768144096,-0.21255471930210343,0.04627490565193454,1.49,0.3950336022601917,0.7191648366622531,-0.18604647010449699
0.09157941435433453,0.7791577859929972,0.20149714399349214,-0.3038580282798953,-0.14122180004083223,0.22198850498899553,1.583724322266396,-0.14539962862535977,-0.4157766358477185,1.211363280687681,-0.21161836622502234,0.04642074169107928,1.49,0.3988672074177455,0.7214235996803762,-0.18761911609605514
0.09247456010715621,0.7793116712255186,0.19988448880274828,-0.3012744544656524,-0.14230285047146857,0.2238014113726911,1.627592305736605,-0.14486395991636214,-0.41663992118672943,1.1984645184202114,-0.3208633625231825,0.04277976512831266,1.49,0.3953404674218961,0.7188190962271301,-0.1878512908018184
0.0924683387694962,0.7798159985312728,0.19991853833550535,-0.2994858480160578,-0.1431626570306354,0.22104344923295843,1.6382729628678563,-0.1455681923333689,-0.41618584754249666,1.1916607680423827,-0.254999114720743,0.04680277855759071,1.49,0.39918452486635186,0.7210535604449583,-0.1876665770971885
0.09230720914653288,0.7787165163066205,0.20202466748783698,-0.3006773202230163,-0.14429888989114364,0.21272392389226724,1.6564788994961364,-0.14659640119225867,-0.41530745367895994,1.1855539231925858,-0.30261832070602895,0.042818838993572333,1.49,0.39842713811204755,0.7186936813395588,-0.1888203520388719
0.09105569227026392,0.7793067499701124,0.19999238887153575,-0.301192278490381,-0.14323071639491547,0.20579949423877988,1.6491349315941262,-0.14673346495705464,-0.41470167745034153,1.1746797471411,-0.13419785310300497,0.04597542929827733,1.49,0.40015612830511005,0.7190465625747052,-0.18752359733268684
0.09195176652037584,0.7795838512935667,0.19859465328256687,-0.3014801776505147,-0.1441354108066867,0.20126204482722093,1.673156331012133,-0.1453937241738197,-0.414779035899715,1.1615519451584835,-0.0522494778436557,0.04651359023584365,1.49,0.39908380405808547,0.7187145651067179,-0.19093300215174264
0.09182594819675491,0.7801773837203962,0.2006253710223156,-0.30139617856453094,-0.14356747512772017,0.1996954490202161,1.6563761187275088,-0.14500401107136415,-0.4146665725292406,1.1402366953326726,-0.005629604533704451,0.046421745889347,1.49,0.39914176830926323,0.713088860982414,-0.1908341545486267
0.09200221467166544,0.7788878147599638,0.20046774898036973,-0.3011090593234364,-0.14227170333354966,0.200674948973835,1.6375683293394427,-0.14514210216406015,-0.4151151321369803,1.1142114346079157,0.024270668166660684,0.04593388454642745,1.49,0.3992307678789871,0.7128551537328581,-0.19051046648936826
0.09206426205122809,0.7795431015639444,0.20064911073115527,-0.3013641653732168,-0.14246603958224255,0.19963022915529122,1.6170331764724657,-0.14519150623117927,-0.41463278518679386,1.1067589537718319,0.04555767350608643,0.045914438822471065,1.49,0.3995252575276039,0.7130160818246436,-0.1913836087365402
0.09212964219782745,0.77919576409844,0.20065854373311248,-0.3017916363116822,-0.14222712899324302,0.1994517914404927,1.5967802179586899,-0.14492246469840872,-0.41477963544745455,1.106642859690121,0.05825194464768802,0.04576512785078274,1.49,0.3994418226798023,0.712935011943703,-0.19040300456784823
0.09232623803164167,0.7792229545315367,0.20048929056016854,-0.3011045132287221,-0.14199482436165634,0.20052952081611003,1.5687520855809682,-0.1451418894160088,-0.41522901128206335,1.1057043104949071,0.058506999229644446,0.0456781051948371,1.49,0.39997395632896915,0.7136553672623137,-0.19059011578462418
0.0922525469405822,0.7794523755553103,0.20163502306882575,-0.3010074640262547,-0.14227732588336137,0.19973579816237125,1.5456445978796622,-0.14460015977155766,-0.415064290318997,1.1049873836229653,0.05993596507727296,0.045721982573891415,1.49,0.3999297179122373,0.7130423013846097,-0.19066831791011435
0.0917875107957325,0.7789372262625515,0.20045639868027249,-0.3000331978162442,-0.14200541310128573,0.19941423406335088,1.5232671727935485,-0.14460146658944686,-0.4149330984564657,1.1049091726672187,0.060882509530491576,0.04572649119305439,1.49,0.39939286663569806,0.712901991707599,-0.19148037731770734
0.09318120602483691,0.7790374183384672,0.20039276684180526,-0.30102414924453696,-0.14104298536078708,0.19962995756253393,1.5104632025851792,-0.14480498939840852,-0.4153057191374465,1.1050530576149122,0.0610714765442055,0.04545773114723129,1.49,0.39923947720376063,0.7156947171350553,-0.19094402767195587
0.09226292718542069,0.7794040815926944,0.2003038270044985,-0.30132050927880977,-0.14136935232046047,0.1989574989700003,1.6161894758638666,-0.14454778194634235,-0.4145809742160511,1.105271878228839,0.04042863665842883,0.04539615062090702,1.49,0.39879463158993206,0.7190786244133966,-0.1924770750248051
0.0923557876147708,0.7804851111369447,0.20051546789898816,-0.30129159567052965,-0.14340219236850682,0.193632827421958,1.6854069381645929,-0.14585797772935113,-0.41468344608669344,1.1051210422457938,0.014257209230721636,0.04585664474340845,1.49,0.3992363478065634,0.718057319354521,-0.19128615414101485
0.09219988985715778,0.778396706764902,0.20022100365479129,-0.3011421552000503,-0.14316945033136047,0.1939395235285024,1.6476609688788773,-0.14414889828082067,-0.4148844225061655,1.1051252794910087,0.004697784209857938,0.045631523136125306,1.49,0.3994256949590386,0.7178751579141541,-0.19149938666270477
0.09214577607107616,0.7793447426687786,0.20053455903335593,-0.3023895516170828,-0.1427007531250295,0.19374026177441453,1.6116549462804617,-0.14443670621272175,-0.4149467390442972,1.1053886486642126,0.004695888231188978,0.04583758568640838,1.49,0.39942191069741695,0.7180800421185646,-0.19196627257174767
0.09320036624628202,0.779382749604324,0.19976048143559677,-0.30096400677721347,-0.1415153546264345,0.1943139070242566,1.57629284122482,-0.144558592555442,-0.4146597673268091,1.1054943297580027,-0.0006827077236158229,0.04548659383141256,1.49,0.39968783287411375,0.7193013437838025,-0.19179230980756806
0.09250715937547066,0.7794685495456852,0.20054146467111333,-0.300473533330186,-0.14058360779958234,0.19772340498688934,1.576484755621748,-0.1448289469466695,-0.4146053563405289,1.1053731334270736,-0.023740712161872304,0.04559391817553843,1.49,0.3990743225391933,0.7194861718554015,-0.19144920565965928
0.09310987028480698,0.7798840399735096,0.20263811326442385,-0.3006430369715976,-0.14009868969405398,0.20317028121082542,1.5769883276940657,-0.14591561457299526,-0.4144180577594136,1.1054731546313445,-0.05654722551690061,0.04522225530277153,1.49,0.39904605472441274,0.7194362832843054,-0.19202737147751806
0.09221753393432518,0.7792912309201903,0.20034546266667294,-0.29975396294429274,-0.1396757967957967,0.218356569352743,1.576971984020704,-0.14467005465230723,-0.41489893473345063,1.105302397132543,-0.08749601295729822,0.04545733405235301,1.49,0.3995595711052188,0.7191927357765246,-0.191835090679138
0.09231322360654062,0.7795383434891312,0.2002200371972431,-0.30093990010263794,-0.13924646546247044,0.2275310046134703,1.5767954585690873,-0.14456248923153947,-0.4146422374456102,1.105219056649143,-0.1191001092005857,0.045700785452223475,1.49,0.39778214864452216,0.7193384220463772,-0.1919088687073784
0.09416347710353487,0.7794386877741737,0.20019934010612686,-0.3011767701055671,-0.13940023601635854,0.24587568275793314,1.5771169920331785,-0.1444263089199653,-0.41435302158842974,1.1053269759643751,-0.1676131126177071,0.04578780591262594,1.49,0.3993666952031995,0.7196347859454427,-0.19172298796047121
0.09271143729023872,0.7797677917799343,0.20025084954463332,-0.3009551576868649,-0.13878805538727762,0.2509927756918659,1.575868359274364,-0.14448984090978118,-0.4143667583626739,1.105410962034596,-0.20720707495152602,0.04591025251507393,1.49,0.39959856664596793,0.7197941259107139,-0.19117511817875874
0.09430520798700767,0.7784668811543852,0.20013550173484487,-0.3009595747778532,-0.1380114586844008,0.2506618361250994,1.5763327475966626,-0.14433061892348373,-0.4145223788963895,1.1054140659976284,-0.2514499919962352,0.04563915965511244,1.49,0.39948322750415777,0.7198840015079199,-0.19148923164730924
0.09437198881954226,0.7794894592299775,0.2006985412873775,-0.30112069362761773,-0.13862431375670775,0.25161523771493227,1.5774085562950841,-0.14454925859945436,-0.41506592005674214,1.1057276527557616,-0.30429387504077354,0.045972454248592635,1.49,0.3992386611337155,0.7174800728941995,-0.1923170664971067
0.0940985412693476,0.7797647156212066,0.1990562958963406,-0.299655199007764,-0.13866296152143792,0.2533943216534954,1.5788007187476598,-0.14462575408832792,-0.4143935388972779,1.1098618428315186,-0.3217400856005579,0.04432939960466976,1.49,0.39907341629450666,0.7169232543058013,-0.19340055847042462
0.09429553335856128,0.7805003350893711,0.20058162713332153,-0.29843393317801936,-0.1381150229061534,0.25279279569537305,1.5764036967642752,-0.14445808520075348,-0.4144118973047095,1.120928444615985,-0.3226276336860346,0.04423233931786529,1.49,0.39898794923082326,0.7165867528260552,-0.19289071346246428
0.09227674658664166,0.7788159148329687,0.20137997863105975,-0.30134034076517335,-0.1395145740433608,0.2517725190285926,1.5764607115639695,-0.143734609804967,-0.4148486850895254,1.1321489978766122,-0.3228010603876962,0.04394526527024563,1.49,0.39871392284795154,0.7193832566962219,-0.1930379444448726
0.0912901477330452,0.7796850871260983,0.19950052293559914,-0.3016176383839718,-0.13685182340092866,0.25162583992752396,1.5764178693177735,-0.1430314164097133,-0.41505768191243264,1.1369104573268867,-0.32304241284097385,0.04427977156082951,1.49,0.3988852714417112,0.7181835276763643,-0.19249294889465424
0.09537656157252876,0.7796617741074217,0.19895917876444474,-0.3009453039417741,-0.13632771632668317,0.251725605456492,1.576388151493021,-0.14392060149014851,-0.41533516640223916,1.1419905260822574,-0.32328063287791664,0.044155346533569645,1.49,0.3994723915226944,0.7159446248368652,-0.19290999364547085
0.09436653363455953,0.7793625815104834,0.20106682918449392,-0.30044925568366376,-0.13754634075096644,0.25078435791738496,1.576367281382458,-0.14452119277801748,-0.4149049026125069,1.1556625514488736,-0.32296003961855974,0.044531899331494776,1.49,0.3990194614387593,0.7181622869081915,-0.1936114009367314
0.09330112355979048,0.7798664066639585,0.19888975823591748,-0.3000664374538765,-0.13713649645438758,0.25110521371111566,1.575771669427557,-0.14446812996855615,-0.4146749720410511,1.1694085991820429,-0.3231872545963031,0.0446156496751612,1.49,0.39877668884073536,0.7185711340324962,-0.19256105507775848
0.09269577181760635,0.7791721121358981,0.20012283877063317,-0.3001506116323964,-0.13728025112350378,0.2517861041027423,1.575713495099591,-0.14348441526055697,-0.41494564796898165,1.1857708978700314,-0.32293151065707604,0.04394984148429495,1.49,0.3996879331268949,0.7187535690527685,-0.19191385618957152
0.09376051702443008,0.7798378243806501,0.20120306905089874,-0.3017019244217184,-0.13767192181507049,0.2513204873464778,1.5756779790736475,-0.14492620482530857,-0.41399735194531995,1.2044784227462337,-0.3227599985161832,0.04338894929549693,1.49,0.39964363453642776,0.7188355553403545,-0.19181295585226377
0.0947937815181199,0.7806310944034871,0.19969571241325665,-0.3013804293950846,-0.13732680800062808,0.25021339098699247,1.5762086393709527,-0.1448737004772042,-0.41436259311778145,1.2294108077296282,-0.3226334885816013,0.04484983190285054,1.49,0.4001209730304137,0.719886658378372,-0.19111749937849884
0.09375737752113653,0.7934305548859528,0.20029045505785795,-0.300362839244367,-0.13647112470511544,0.2504161852341735,1.5767610373442766,-0.14475261304976544,-0.41472152945734736,1.2539499271278933,-0.3223343136312197,0.044746053953371376,1.49,0.40058311085842013,0.7191878206271217,-0.19001957496124044
0.09406521297428808,0.8088428077345231,0.20176063426233876,-0.30026313182313824,-0.1373691484612793,0.25202163082608126,1.5767483933484412,-0.14495869465686773,-0.41437501452036185,1.2689247192516993,-0.32302197439644537,0.043862648487373104,1.49,0.39887102858998874,0.7191827710875359,-0.19056074657067018
0.09370603105687834,0.828545871077941,0.19920808422924355,-0.30046340765939955,-0.13883787459069263,0.25120480464589545,1.5803677181533362,-0.14721171932080562,-0.41465546185788527,1.2703889189005189,-0.3230702095284142,0.04428949164917896,1.49,0.3994038371155734,0.7192276905365268,-0.18681766475539352
0.09467568739777543,0.8568755489555488,0.19865339455896397,-0.30176693322936926,-0.1366065091550609,0.2510976763366874,1.5790209929987449,-0.14587743787316507,-0.4145078343494226,1.2702717823132925,-0.32276059178206684,0.044514669465951465,1.49,0.3992574186429873,0.718883388756558,-0.1857933537048513
0.09407712881959518,0.8809675699247587,0.20121253123271338,-0.30163544960099103,-0.13650266405685083,0.25072472030271764,1.5795730522142306,-0.1451839307015422,-0.41413267151678473,1.2711347916694125,-0.3225197728393093,0.04457451905208308,1.49,0.40012288013524344,0.7192556199164332,-0.18644816969671854
0.09334066743328408,0.8864453477054375,0.19938560915631603,-0.30124891113089797,-0.13841810627757142,0.25143046444768374,1.579117622431226,-0.1444595625160259,-0.41432635270659834,1.2710010679580628,-0.32256733569059565,0.04411374907205251,1.49,0.40011413588617956,0.7185734028900316,-0.18607491278045032
0.09275384854987409,0.8864745895247798,0.20017281739685938,-0.30046201407791495,-0.13701439753485634,0.25093262645483844,1.5790644945470336,-0.14504193028251794,-0.4146579879327875,1.2725998211928218,-0.3231337074401003,0.04458325411206941,1.49,0.399706040759554,0.7194369365497427,-0.1862801124442782
0.09414543064195409,0.886561503704554,0.20146983952109226,-0.3029142757540333,-0.1368433505747518,0.25153245597629714,1.5789832368317862,-0.1452038393673794,-0.41404584940799993,1.272484542358496,-0.3230208829636783,0.04405837540316489,1.49,0.4002493193743427,0.7190492627884554,-0.1863805977365207
0.09319493310222263,0.886656660992862,0.19987313151397254,-0.30206836723168756,-0.13725164001448992,0.25221738859609016,1.5798502070101974,-0.145012646096918,-0.4144465868988368,1.272402259389203,-0.3227437810204229,0.04419060209476178,1.49,0.4001630901564315,0.7176121433271032,-0.18655569297386743
0.09393836360119798,0.8877133544567024,0.20053174963391268,-0.3008607100554306,-0.13605833795318434,0.2516945869466444,1.579457602851333,-0.14567011188317155,-0.41485741467501525,1.2726882103183685,-0.3226251649965383,0.04419830418978411,1.49,0.40027684755558235,0.7186884469928039,-0.18687851015121698
0.0933426769571833,0.8857575626262018,0.20268663777372453,-0.30081759745489445,-0.13792921928965893,0.2510074700111007,1.5809342308433392,-0.14469909248820986,-0.41493218379561114,1.2727642195043223,-0.32327060771461097,0.0450587889381127,1.49,0.40204049162147676,0.7193449292675596,-0.186782698516366
0.09194030124077676,0.8864869541369683,0.1999109508373955,-0.30165012938180474,-0.13881420570329683,0.25140337256190876,1.5890697173652342,-0.14419492709931944,-0.4156558095370374,1.2767823947622734,-0.32291775622641905,0.04498595722968379,1.49,0.4013382751672431,0.7188240386064579,-0.18546188922868342
0.09215545029750775,0.8873320646072262,0.19968870689048204,-0.30229951282478384,-0.13912050430663372,0.25115478777810224,1.5878713843469099,-0.14422784699050595,-0.4154856894697404,1.2759880197007196,-0.3228998368440807,0.04406058310732207,1.49,0.399928915374474,0.7192756415741167,-0.1862398918559853
0.0923497289627945,0.8861731799126886,0.20033870192833522,-0.302599925725007,-0.13856847480217288,0.2500624698656128,1.5905110086827068,-0.14523964580990217,-0.41555490129074113,1.276104752721181,-0.32252288623984926,0.04515407914401449,1.49,0.40084924352843093,0.7191633762053258,-0.18576003539426753
0.09263512927463571,0.8869845430458079,0.19874253458234126,-0.3018416136305382,-0.13911163812371458,0.25151470127539377,1.591180001206558,-0.14370541415163643,-0.4152851263603452,1.2764165505429914,-0.32264087198641633,0.045941864993043716,1.49,0.40121864065916524,0.718818916154254,-0.18662819811543918
0.09154832921061161,0.8875567649441951,0.2004362513261485,-0.30154580129206715,-0.13966739630705705,0.2500817158302091,1.5906323979456982,-0.14484347986390056,-0.41546447053594043,1.27638127298989,-0.323502550528077,0.04462931217458444,1.49,0.4004285215738622,0.7177948214349782,-0.18698511755486727
0.09212257137666556,0.8864846616978646,0.2009495062193908,-0.30522742152422544,-0.13919950912836854,0.25068241510524886,1.5904011121197017,-0.14510073420034394,-0.41542930078620527,1.2765157973483103,-0.32306590846777467,0.04449551651581754,1.49,0.4007980843598454,0.7178761952177974,-0.18673863839627441
0.09218178629042478,0.886930199682007,0.19849135980123475,-0.301127776755828,-0.1395759800168333,0.2518395840365284,1.590691900548913,-0.14471317881532625,-0.41537219152245186,1.2768831895427148,-0.3228299151327435,0.04425029073872452,1.49,0.4008773063439347,0.7180353477296311,-0.18690056946416564
0.09123135030048196,0.8876763088323719,0.2005307009200526,-0.2987197623260168,-0.13954872750393976,0.2511405815542812,1.5978528743804195,-0.1458268109884893,-0.4163920383370119,1.2806907770680422,-0.3225368999217361,0.04561967215884794,1.49,0.40374907052425696,0.7183744398951462,-0.18651861997500604
0.09224478251348385,0.8862211112281387,0.201911326791178,-0.30065914344522254,-0.13947271569107877,0.24044477896788202,1.6086184512507362,-0.1447689340803839,-0.4165901935199154,1.2834277689207512,-0.3218936134137691,0.04397968457850413,1.49,0.4066661442281175,0.7185028079896378,-0.18676908862953276
0.09204738163201467,0.886772429610009,0.19964793243285284,-0.3018823445838551,-0.13966644346398582,0.23689566757546612,1.6132634933514054,-0.14469515302551508,-0.416428003607081,1.2831360929918847,-0.32315253275618866,0.04445773215175103,1.49,0.40643536020413595,0.718313335463594,-0.1862065573300674
0.09149908292988967,0.8877079347258446,0.19812202074728855,-0.30183297697298495,-0.1391890794671664,0.23646459740645484,1.614014255348643,-0.14469778477104764,-0.4166496258253519,1.2831090736665651,-0.3230776425956351,0.04498790814155977,1.49,0.4073669000442091,0.7189551065843094,-0.18655526771767675
0.09250712143118107,0.8871115249705337,0.20125235647009557,-0.3020428217726085,-0.13918909880286132,0.2345660033389423,1.616873934717745,-0.14486539133317267,-0.4171024157835413,1.282779149582043,-0.32243669221741905,0.04471204361070934,1.49,0.40825204612061217,0.7186655854509241,-0.18719182374155177
0.09206363401272866,0.886607329826126,0.20045519160627412,-0.30113360404325423,-0.14024522592207345,0.23460454419496418,1.6200992319760044,-0.1449888728251364,-0.4162153121010706,1.2828470502104161,-0.32234096154467634,0.04552248815858426,1.49,0.407304684406063,0.7188267423540351,-0.18661622259539765
0.09152553275365889,0.8873267773772064,0.20039493540994038,-0.301007781785099,-0.13968258393576397,0.23383802983324514,1.622581597260383,-0.1447197848795009,-0.4170874309827684,1.2825348064898685,-0.32267478710596903,0.045803252334830145,1.49,0.4062365625266355,0.71798962694739,-0.1866502072800278
0.09158913844401309,0.8864965419239255,0.20165653406456935,-0.30248729870434465,-0.14000622495877843,0.23310279244128532,1.626479979398456,-0.14467354854818051,-0.41719727150668745,1.2830159120375506,-0.32231646394238894,0.044994580264107076,1.49,0.40628404074750846,0.7182044312346523,-0.1865266803667854
0.09185111505214247,0.8870064513839915,0.2002201721950947,-0.3009425234644475,-0.13924924775554293,0.2317537568442367,1.627332374292001,-0.14454657273964538,-0.41659578838396594,1.2828648880974374,-0.32270223434596157,0.045518646537265874,1.49,0.4065932547570294,0.7185736571998871,-0.18607695012029085
0.09169414828824382,0.8872802943081491,0.200664661185617,-0.3010392692229883,-0.13860845480765674,0.22948533358465506,1.628570928585543,-0.14427332175714588,-0.4167012685740513,1.2831861775257511,-0.32278591793128625,0.045724574595339906,1.49,0.4070140011697706,0.7188328627052687,-0.1859651887456839
0.0911079416033608,0.8866949214678947,0.20046576089852738,-0.2999185452023588,-0.1391905115533686,0.22665871145683544,1.6333899930735352,-0.14275351845414797,-0.4165164920942981,1.2832052512486536,-0.32276160724865155,0.04575611986759661,1.49,0.4068524230828271,0.7192680427833434,-0.18653889817489108
0.09167165031114295,0.8865227277463376,0.20062061684489219,-0.2994813290877494,-0.13938651328229199,0.21969947607797327,1.6438869868535577,-0.14347126683895606,-0.4165535060656264,1.2865859599687195,-0.32240452354143484,0.046011158002245534,1.49,0.4094777539132986,0.719401865968699,-0.18709757908200852
0.0918581758380549,0.8879565760836009,0.19835581808949113,-0.301750429837358,-0.13798777568767812,0.21370976033059147,1.6553421974001763,-0.14345765866120463,-0.41621530288653336,1.286249151990694,-0.32228246962376095,0.0454161682547408,1.49,0.4125336898236682,0.7189547374165102,-0.18661810923139208
0.0918041413721423,0.8876105933522278,0.20035120877037443,-0.3012605811334423,-0.13760600137790727,0.20482475913274467,1.6675352910810495,-0.14463728231381073,-0.4162645792740106,1.2851219863290735,-0.32133805646350716,0.045069882237826514,1.49,0.41174401724840226,0.7189471185965036,-0.18680925699471132
0.09128820382219252,0.8868900125648,0.20012917249874312,-0.3014584396126565,-0.13731743521052722,0.20272875380559865,1.6712080960173217,-0.14457400751821373,-0.41637310776402464,1.2845906399535076,-0.3229817137211639,0.04608487826487225,1.49,0.41257593779252166,0.7187635336078557,-0.18666459699983529
0.09181945621130466,0.8872837909978873,0.20073874337143774,-0.3010532222808586,-0.13843583332018583,0.20070115281499384,1.6734608257731347,-0.1449291895935343,-0.41649884776283774,1.2824526834164998,-0.3230476916460244,0.04546395217870014,1.49,0.41246844456280585,0.7184753661204752,-0.18666125227220506
0.09159020758784164,0.8871614916884026,0.20070066378271895,-0.301698965374158,-0.138221472506392,0.19869495879822668,1.677418444626906,-0.14613794867414576,-0.4168496690091897,1.279902250079119,-0.32094507690079316,0.04390492815758225,1.49,0.4097981573224416,0.7182041381833746,-0.18551996972244728
0.09204476000714851,0.8868879951115661,0.20039348410020721,-0.3010955460703624,-0.13799366716243444,0.19767527430765863,1.6751030322303486,-0.14405781577250631,-0.415898776254647,1.2699014584220085,-0.3193604500967659,0.04492079486666705,1.49,0.41266020505399814,0.7189872978987382,-0.1863322609476486
0.09139374391153332,0.8875290322032605,0.20211168470229152,-0.30049538209616244,-0.13553657034789174,0.1933704382006607,1.6866233782881837,-0.14431641733601974,-0.41626600744009234,1.2825635941024698,-0.3227348465071724,0.0424700458204274,1.49,0.41187366673154185,0.7194320535614099,-0.18582186091982122
0.09189524927390733,0.8868189766263873,0.20036636322045828,-0.29987663753349564,-0.1336380545859796,0.19290831900493263,1.6876490603074374,-0.14474056049816184,-0.41663661770756233,1.2806950362686518,-0.3221701992970316,0.04253489635593939,1.49,0.4116216853730109,0.7194452199091622,-0.18641032181821288
0.09162879853566881,0.8870165637962129,0.20029583454905758,-0.3008966939449957,-0.13528262413214742,0.19137737930405824,1.6871303958532076,-0.14495199008874732,-0.41637057600525773,1.2691298140943934,-0.3222689829494144,0.04304378865961346,1.49,0.4119707876129764,0.7209006341758186,-0.1865727733577141
0.09142182787800873,0.8874080703942054,0.20001969902893832,-0.30018917227255354,-0.1343843603465105,0.19275278588077896,1.6846350338345921,-0.14462357784232732,-0.41725950636586784,1.2693283979179786,-0.322209091659432,0.04075173428304215,1.49,0.4127072794408657,0.7202380138904907,-0.18632587322527636
0.09200092870296117,0.887599214029306,0.19999707007031034,-0.29970015589434656,-0.13498202273429222,0.1925722797728128,1.6858533653885823,-0.1449115159039638,-0.41692025551206596,1.2735971298594144,-0.3221751778713082,0.0398401744846126,1.49,0.41546467246520247,0.7205932116024248,-0.18661765884681517
0.09155588160839032,0.8872401186003032,0.1996970213623267,-0.3015450647211714,-0.1346393961819664,0.19344921941602272,1.687978064094888,-0.14367531647719367,-0.4169154722538636,1.2763551039980023,-0.3229442782668337,0.03575662020857825,1.49,0.416269948425506,0.7209456745676264,-0.18630334460117198
0.0911898076243428,0.8870712344951471,0.20016224218298856,-0.3020549209958733,-0.13573168043523554,0.19251232727405482,1.6868578389898041,-0.14345332391396953,-0.4166230783727107,1.276324577727082,-0.3226072422057071,0.03430703381299957,1.49,0.41703546862288843,0.7216955633305605,-0.18683056622462405
0.09171374795260384,0.8869151801036996,0.20058170202877484,-0.30208681171688445,-0.13651819137584084,0.1919630394144099,1.687002073885204,-0.1435393463910796,-0.4162725465527247,1.2765986959659765,-0.32266493227339255,0.03346495194995583,1.49,0.4170774470797099,0.7200889583023677,-0.18767324754868228
0.09251463615613394,0.8873203074648107,0.2007361979144133,-0.29973684144965806,-0.137078283892626,0.1923937963772933,1.6876685712422594,-0.1436851584312474,-0.41683686464028413,1.27682930103159,-0.32310369036167874,0.033176098360875025,1.49,0.4174293508119704,0.7205244052163564,-0.18630413821676994
0.09167619744494035,0.8880178437260973,0.2018276840129809,-0.30138102668666844,-0.1377722515199501,0.19270339553426563,1.687080675610646,-0.1429668547308157,-0.4172780173053111,1.2765785797030247,-0.3222146650586891,0.0328046216571811,1.49,0.41796801892657387,0.7204934614531002,-0.1859945626606615
0.09132731151712746,0.8864431661215283,0.20029989094548428,-0.29937415520890714,-0.13780271594378551,0.19116546729647316,1.6867860259457328,-0.14155062355790898,-0.4172398817094172,1.27650305446374,-0.32272809785652457,0.031466205936653856,1.49,0.41812967961695674,0.7226307183551361,-0.18669213391641007
0.09017127514651595,0.8872317821408784,0.19825129346230383,-0.30001823817177486,-0.13675161253804605,0.1924732316458098,1.6867563123516627,-0.1379906594549491,-0.41698779075484765,1.2761998555260496,-0.3228218858055783,0.02983393501471515,1.49,0.4174586735162943,0.7207330041944693,-0.18663391869692927
0.09158592346530653,0.8877554190030063,0.20020903630070525,-0.2999064052423305,-0.13691772032423108,0.19277094028012498,1.6875274201216368,-0.13968393221546177,-0.41680790202463125,1.276613500026495,-0.3220656913551989,0.029496272186400888,1.49,0.4177768784977454,0.7219608812190212,-0.1865483435391772
0.09147537767714148,0.8869293743462561,0.20057624624558013,-0.301373547342337,-0.13686579619815467,0.19188686785292602,1.6873001066521303,-0.1398014033651398,-0.41728282940884165,1.2766131723729752,-0.32231131864662466,0.029206875275987913,1.49,0.4189407424578043,0.7220478005867277,-0.18676314199437546
0.09093389726497583,0.8872178047058441,0.19980610502461718,-0.29969168825053366,-0.13720294890542065,0.1927283510465287,1.6876367221646138,-0.13951195720086915,-0.4171782568087196,1.2768151931192675,-0.32237263287789886,0.027973629600679922,1.49,0.41778178233542596,0.7204580601711623,-0.1864493330288053
0.09130538326319887,0.887731804885061,0.20080890332590884,-0.29950831297991076,-0.13766206338923273,0.19253142167385462,1.6871009974412279,-0.1405357588039124,-0.4171567384508803,1.2768863909310015,-0.3223875520675735,0.02731399401549572,1.49,0.4201835836211664,0.720999095200654,-0.1870348142989143
0.09223295952763413,0.8881840690026083,0.2009641119364067,-0.3013464206058966,-0.1369394967254561,0.19318282439074783,1.6875595962605425,-0.13943041343204732,-0.4168549088174157,1.2767799609733799,-0.3226832322018707,0.025747948951751948,1.49,0.42087232517530343,0.7220230013793261,-0.18635886641592128
0.09175072825282074,0.8884198773513594,0.20043983837539203,-0.3004245450159001,-0.13638737836757112,0.19193587104170817,1.6871919212376523,-0.139303459970023,-0.41681757580501133,1.2763410521310916,-0.32246992867365726,0.01851405978826915,1.49,0.419267650706488,0.7209964799318311,-0.18601559044507998
0.09208272799552593,0.893833417908225,0.20007056827341166,-0.3014296067851991,-0.13494146962329395,0.19274263217813642,1.6858179360307197,-0.1396692870880356,-0.4166461697390754,1.2757117998630747,-0.3224490253590303,0.015691524128525182,1.49,0.42017427005030195,0.7222215588402476,-0.1865270380263477
0.09254745456083616,0.8959791373178083,0.19969014422542236,-0.30105602454755187,-0.13452431752716074,0.19301412154271214,1.6858969831914399,-0.13932235556668301,-0.41640030862960475,1.2760451032994309,-0.32232350874610016,0.01367966170104135,1.49,0.4206442023629339,0.7218029624711574,-0.18570986179059024
0.09209318483586748,0.8957895968019924,0.19911990610240038,-0.30106637343758924,-0.13510323180184142,0.1925116933519327,1.688157690034839,-0.13830985189350137,-0.41693930477320024,1.2761666392752364,-0.3223852581765034,0.011826431760330169,1.49,0.42013584107903756,0.722534084921537,-0.18651920681277817
0.09123097562361017,0.8995888037241014,0.19983437982079177,-0.30034765714332556,-0.13460254707656188,0.19281032538006532,1.6870915272455531,-0.13870897704998048,-0.417130194216725,1.277701359766846,-0.32227503240517474,0.007437551153365653,1.49,0.42190774310572143,0.7213013970800832,-0.18628612434505895
0.09187243510987265,0.902110398906325,0.20049875959632077,-0.3004737297827713,-0.13504833145608827,0.1931903702389754,1.6877785993030578,-0.138588012822184,-0.4167574516420541,1.2774478208229398,-0.3227759340904427,0.0006034983990200747,1.49,0.42173931186253905,0.7209763002268085,-0.18699154051701344
0.09126730937887409,0.9054989359932032,0.19969360053227933,-0.30085349035181913,-0.1341319086925688,0.19157699656595614,1.6868269284428279,-0.1385750241110838,-0.4166629030734648,1.2780548228198252,-0.3224785485967429,-0.006992579410937853,1.49,0.42150271848344756,0.7208222563957383,-0.18617215741636384
0.09152023756110006,0.9131712628081577,0.20018786915319825,-0.29884871274174996,-0.13437946022320255,0.19193931404029557,1.6872127404991986,-0.13801412559758525,-0.417076304186154,1.2781889739198138,-0.32260552601818926,-0.016045141883348574,1.49,0.422408259145496,0.7212590127954766,-0.18629335191026195
0.09170511206046808,0.9257073695559478,0.1999293064879188,-0.3007336561214087,-0.13475692693387487,0.1919475607257743,1.6893183217949757,-0.13836492197345585,-0.4169043740436589,1.277202058999237,-0.32168679306793235,-0.02057281380856989,1.49,0.42211976345966873,0.7212536398446331,-0.18748434960145405
0.09137540394085798,0.9380942270148718,0.20148497075907384,-0.299803814062445,-0.1351525679686979,0.19130899078781327,1.6885154366046957,-0.13877134630109522,-0.4169075291994988,1.2778626957046326,-0.3223171046438198,-0.02426447423799387,1.49,0.4218715448412147,0.7231014697038726,-0.18672811253522503
0.09126801477583879,0.9514390768989862,0.20016233766661629,-0.3006406463766956,-0.13370787657549527,0.19266292456188383,1.6880983091968012,-0.13706148718285965,-0.4164556956363957,1.2778090663160622,-0.3227442958528394,-0.030378768687982234,1.49,0.42256119656169067,0.7225383767681282,-0.1864808616823786
0.09146710034619372,0.9682159355924644,0.20030765725543412,-0.3004223609424425,-0.13386745817308035,0.1925350689153007,1.6885452297037933,-0.1379109401091727,-0.41638222695683796,1.2781347788807311,-0.32296053385886314,-0.034385427845318256,1.49,0.4221428960709,0.7229785837922525,-0.18703292062035845
0.09192213070828337,0.9873203155899306,0.19934224659455752,-0.3008363244045995,-0.13512447747801298,0.19209532009209385,1.6890542643572939,-0.13856875010382347,-0.4165527747377846,1.2779026763666113,-0.3229500691296714,-0.04034239558639015,1.49,0.42256395817223674,0.7232227893256653,-0.18686982208929653
0.09129923599106994,1.01778900822582,0.2003055410643297,-0.3013291992023534,-0.13408008314491196,0.19208669274191428,1.6882938808198844,-0.13852877984638923,-0.4167562484907501,1.2779986370454954,-0.3224973122810372,-0.0523089232830487,1.49,0.42181920616897717,0.7210662192660295,-0.18596892869617593
0.09160996992624099,1.0224812641229737,0.19992773602326103,-0.30164877472793067,-0.1348681738570528,0.1924140405503717,1.6868008797628764,-0.13861873112491171,-0.41758059848807855,1.2776807743611922,-0.32136875189421665,-0.0643965165437771,1.49,0.4211249135017853,0.7216510164218877,-0.1862345795799086
0.09159119248481405,1.0224279038526245,0.20018388787706695,-0.30234032501462393,-0.13466363174985016,0.19192905528381976,1.6849944004950004,-0.13710498331558377,-0.41757765839021804,1.2784840508217707,-0.3230528391434271,-0.07956328611078507,1.49,0.42209853315617074,0.7218847464808564,-0.18672703097025853
0.09125391660407006,1.0226000721715374,0.20058709915832273,-0.3006753289275504,-0.13548619394787864,0.19253825359237678,1.6876369427739706,-0.13677805941751725,-0.41725682628084604,1.2797423129075025,-0.3223393483444026,-0.09054937707556879,1.49,0.42287241640633727,0.7225140058888265,-0.18605542618466098
0.09203811554584367,1.0226015864635936,0.1999854555329354,-0.3021369524615569,-0.13627941478213482,0.19264033541766756,1.6884236475307852,-0.13527272964039355,-0.4178399037727037,1.2816864876893357,-0.32210942386522634,-0.10724566933257844,1.49,0.42502380099787473,0.7226831958376236,-0.18691659618913017
0.09218305220525506,1.0226489261739784,0.20076216213488018,-0.30140893332426116,-0.13628785108206815,0.19218881001006763,1.6880408784995051,-0.13359051904812153,-0.417592353443692,1.2814471779009573,-0.3220292609247387,-0.1182897095144651,1.49,0.4241163642867274,0.7220497579207888,-0.18607984645460385
0.09131969473701901,1.0233798111451673,0.20034530363985995,-0.3016218473794308,-0.13618166206578505,0.19247814500351235,1.6873249905759327,-0.1320640056499855,-0.41793035631485737,1.280672825539413,-0.3221881120185448,-0.12660166968066594,1.49,0.42480587520300084,0.7222834727612002,-0.18618808592797845
0.09167337173184613,1.0220392835871526,0.19996910684470576,-0.3007904215282502,-0.13603555623574626,0.19215023501977274,1.6877355848596036,-0.129811431327503,-0.41807684734257217,1.2807621974421342,-0.3227752765202585,-0.13804243598870367,1.49,0.42384383510751217,0.7229999840006298,-0.18661954440360315
0.09159680903876259,1.02252479718568,0.19979267126047048,-0.3018065613219007,-0.13690131989052295,0.1927671800376554,1.6881116359270807,-0.12914217812893333,-0.41854934630964225,1.2829113602144444,-0.32270353241604066,-0.14362656411034783,1.49,0.42374459092849426,0.7215500686141287,-0.18668248569854776
0.0907520210856173,1.0223919083109012,0.20000430028307675,-0.3017924439329011,-0.13738898617406126,0.19247660639199488,1.6880583733331886,-0.12422152642464508,-0.4178712539649282,1.2853908794486635,-0.3219003813089356,-0.15374914937433998,1.49,0.42472827405123115,0.7223481329950888,-0.18710595829239202
0.09092757701513282,1.022487234995778,0.19997728636420387,-0.3016834927466354,-0.1358179313997631,0.19246615465010086,1.6871699866002734,-0.11243755574304012,-0.41766770990864766,1.288914461006573,-0.32244035702129037,-0.15943129692062918,1.49,0.4260745494867057,0.7225600349640646,-0.18788688753767183
0.0917666391459616,1.0226544241085964,0.19957456700531756,-0.3011474215890601,-0.13510683955830027,0.19275843820210972,1.6871495347117973,-0.10182725988545907,-0.41851683708944387,1.2894489872760377,-0.3227335316925354,-0.1649358665397559,1.49,0.4258118731267529,0.7198473122490581,-0.1887016744527007
0.09185343078267288,1.022560910451036,0.20069835958773374,-0.30092995496667413,-0.1353859343974678,0.19128989959608034,1.687407881874964,-0.09896897285005983,-0.420504631732508,1.2898961048129352,-0.3228380959509505,-0.16977279949145688,1.49,0.4257946898766619,0.7205460243787081,-0.18832351059103775
0.09150638181692196,1.0227070052637786,0.20071565098040092,-0.3018129799118059,-0.13480836285695913,0.19206456354055743,1.687882423141948,-0.0962671095110618,-0.42203558701985283,1.2910112429007068,-0.3218626874980215,-0.17619684709601144,1.49,0.4271938840322326,0.7199807170836664,-0.18845985064904366
0.09118734329544437,1.0223634204935297,0.20143219094123996,-0.30135584832116313,-0.1366462781315841,0.19388170258715035,1.6878053259198789,-0.09122419307169265,-0.42388497134030223,1.2877068766448394,-0.3224776775310946,-0.17795689112583474,1.49,0.4286921326525061,0.7197724374625973,-0.188364507053734
0.09187108123610212,1.0232422501661118,0.19995751541460344,-0.301039290254108,-0.1376183173944627,0.19258329559650705,1.6855549841217194,-0.0830276307338042,-0.42445565757415504,1.2873052359616577,-0.3157173898976136,-0.1812586593219072,1.49,0.4271399052844263,0.7174121401589526,-0.18728254655356993
0.09211463638780028,1.0224240188121072,0.2000161612528228,-0.3009525383087533,-0.13263778767860768,0.1934627511142493,1.6830075827554254,-0.08343965839323245,-0.41846520010080335,1.2870354888843536,-0.2736505149354237,-0.1809367744552656,1.49,0.4294732717938641,0.7097493126231613,-0.18686661833151458
0.09150740757068607,1.0224990123337736,0.19980985655531044,-0.3012018584211178,-0.13331207662408914,0.1919204932412415,1.682374467137355,-0.0830803105613116,-0.41820672683201243,1.2850454673337548,-0.2238856398392848,-0.1814433234118797,1.49,0.43344512831633714,0.6848372713909536,-0.18580274766208849
0.09162727043911491,1.0228026869611804,0.20030225815233255,-0.30146469567294387,-0.1326850772938103,0.19241221393795171,1.6823221380257465,-0.08285135781348593,-0.41760465695102605,1.267952721827923,-0.1917763574106905,-0.1812491193949838,1.49,0.4298694087738927,0.6813028349043354,-0.1853910905742162
0.09169467352296437,1.0226892564260475,0.20003710785852896,-0.3013877613211138,-0.1326438266477314,0.19236872235116736,1.6827350065848912,-0.0843051820765606,-0.4176237783397772,1.2506876165563123,-0.1679719522195714,-0.18125397540625365,1.49,0.4263602245147282,0.681832920036975,-0.18476144255855398
0.09142832386412408,1.0228701815090067,0.19996342685649068,-0.30119335645659934,-0.13265488614561552,0.1929950193398603,1.682087715171959,-0.08339846731836996,-0.4176289245620697,1.231054153141359,-0.14846145759767812,-0.18117618642393615,1.49,0.42673056592035474,0.6813856900888822,-0.18483774202176
0.0908390879046175,1.022733231707865,0.20049697879480874,-0.3009192014241266,-0.1324985833008942,0.19091980390628766,1.6882265576200526,-0.08298138150118883,-0.42000629265772205,1.224673723238241,-0.20059398915729248,-0.18094369608776878,1.49,0.4264424866011965,0.6940018181361082,-0.1863713661080622
0.09165865238254418,1.0222121821006223,0.20022956057554347,-0.3024807715559453,-0.13232803257776468,0.1913260566681018,1.6867051777805373,-0.08252022994087799,-0.4246723821182573,1.2096692235318063,-0.32127601089721314,-0.18564096120279888,1.49,0.42653205304683767,0.6976172104646579,-0.18693660361754946
0.09232536817223125,1.022302937493168,0.2007038624608785,-0.3001948475607164,-0.1323073127441784,0.19266277664088718,1.6835594807740204,-0.08183668056581762,-0.4209294085815912,1.1999694019541958,-0.22672430572636856,-0.18137226509459198,1.49,0.4261156745215745,0.6965269355630346,-0.18748443355410585
0.09258963285778131,1.0230394699073906,0.20014855703132728,-0.2997936653630524,-0.13187147051225015,0.1912655143691427,1.6923686372332727,-0.08167836755257524,-0.43680316371388506,1.1995364106839892,-0.32482227994263846,-0.18465584353164724,1.49,0.42724360444699266,0.7092787117662744,-0.18902652485932622
